kinematics:
  shoulder:
    x: 0
    y: 0
    z: 0.1517981897215759
    roll: -0
    pitch: 0
    yaw: -1.794045691866364e-08
  upper_arm:
    x: -0.0001706725104503908
    y: 0
    z: 0
    roll: 1.571903256486435
    pitch: 0
    yaw: -8.078626478998602e-06
  forearm:
    x: -0.2436140314765272
    y: 0
    z: 0
    roll: 0.004189154148939325
    pitch: 0.001434616409744121
    yaw: -3.674204650740111e-05
  wrist_1:
    x: -0.2130790716515077
    y: -0.0007088630125599186
    z: 0.1318376325356871
    roll: 0.005376736277825409
    pitch: 0.005096637820988917
    yaw: 9.569732391671413e-06
  wrist_2:
    x: -0.000152186725408998
    y: -0.08545174333849703
    z: -0.0001158101335792715
    roll: 1.572151595372808
    pitch: 0
    yaw: 1.543711899051198e-05
  wrist_3:
    x: -0.0001191115967513527
    y: 0.09217891328406805
    z: -0.0001521596726753677
    roll: 1.569145628939469
    pitch: 3.141592653589793
    yaw: -3.141592566174753
  hash: calib_1434949505046584750